mode=rust
times_s=[2.549900091253221e-05, 4.307999915909022e-05, 9.581500125932507e-05, 4.1475999751128256e-05, 3.353700230945833e-05]
median_s=0.0000
suggested_weight=1
