mode=rust
times_s=[3.1891999242361635e-05, 2.565300019341521e-05, 2.8024998755427077e-05, 3.905700214090757e-05, 2.9963000997668132e-05]
median_s=0.0000
suggested_weight=1
