mode=rust
times_s=[3.369200203451328e-05, 4.068499765708111e-05, 2.9102000553393736e-05, 2.2667001758236438e-05, 3.177199687343091e-05]
median_s=0.0000
suggested_weight=1
