mode=rust
times_s=[2.752599903033115e-05, 4.6750999899813905e-05, 4.70020022476092e-05, 7.479199848603457e-05, 2.824100010911934e-05]
median_s=0.0000
suggested_weight=1
