mode=rust
times_s=[3.04790009977296e-05, 3.98539996240288e-05, 3.0748000426683575e-05, 4.1365998185938224e-05, 3.057799767702818e-05]
median_s=0.0000
suggested_weight=1
