mode=rust
times_s=[2.6342000637669116e-05, 0.00010789400039357133, 2.176800262532197e-05, 3.366599776200019e-05, 4.2061998101416975e-05]
median_s=0.0000
suggested_weight=1
